1 0.2668263950489117 0.3481196977900975 0.10900806285771356 0.32196211733238067
1 0.37187791609559906 0.34919016091543376 0.10092254707269799 0.3167283141140719
1 0.4732584055722554 0.35941710275344657 0.11075257338105722 0.32519637797604234
1 0.5764744108339273 0.36506580523512105 0.11222406811938548 0.32374313861970416
1 0.6810709055722555 0.3739487683604573 0.11084357864272895 0.3267588779760424
1 0.1702427374811049 0.6865159262506724 0.11195105233436982 0.31905563861970415
1 0.2936802374811049 0.6951475170999496 0.11047955759604164 0.32050887797604233
1 0.41720874274277675 0.7022166079492267 0.1094630891660728 0.32977461733238067
1 0.5265837427427768 0.7098648530055481 0.10955409442774452 0.3313371173323805
1 0.6390837427427767 0.717731619349193 0.10928107864272896 0.3266496173323807
1 0.7499302374811049 0.7270516250491762 0.10771857864272913 0.3265403566887189