1 0.2783003058520831 0.3447789628859484 0.09797125341847242 0.3209033051769673
1 0.38313327621680526 0.34462631541796224 0.09004965064493078 0.315760778868608
1 0.48462304103444415 0.35366665742663245 0.09960648860083374 0.324119310438639
1 0.5877844086256248 0.35811050469697453 0.10113262100965308 0.3226478157003109
1 0.6924355410344442 0.36577035722898843 0.09964285619201405 0.3256818104386391
1 0.19373693579236057 0.6840697050640278 0.1010235182361114 0.3179603157003109
1 0.31717443579236054 0.691259120736104 0.09949738582729192 0.319431810438639
1 0.44064830338354105 0.6968860364081799 0.09815309137437538 0.3287158051769673
1 0.5500233033835411 0.7032564047252092 0.09818945896555568 0.33027830517696727
1 0.662523303383541 0.7098087835655825 0.09808035619201405 0.32559080517696726
1 0.7734244357923605 0.7178326571442837 0.09651785619201406 0.3254997999152954