1 0.25021334264308936 0.3530007597199097 0.1019196863824872 0.3276584272121397
1 0.3783929063454202 0.3485957419372293 0.10364587748947969 0.3324187018192456
1 0.5065724700477511 0.3441907241545491 0.10353675008481797 0.32929370181924555
1 0.6393304063454203 0.33644238255055126 0.10342762268015626 0.32616870181924557
1 0.7690179063454202 0.33040209016076505 0.10515381378714891 0.33092897642635144
1 0.20442470452347247 0.7448286947899323 0.10488099527549455 0.32311647642635144
1 0.3340030771188108 0.735663402400146 0.10671631378714892 0.3310017510334573
1 0.46379970452347247 0.7327481100103599 0.10671631378714892 0.33100175103345747
1 0.5918701408211418 0.7252180922276796 0.10337305897782549 0.3246062018192454
1 0.7184326408211417 0.7193233490521053 0.10170143157316361 0.3214084272121397
1 0.8481201408211415 0.713283056662319 0.10488099527549437 0.32311647642635144