1 0.23114526542457078 0.35853462614055537 0.09627062256272038 0.32554682028847226
1 0.3592429918856205 0.35711498366374966 0.09791494317957135 0.33027068787965286
1 0.48734071834667014 0.355695341186944 0.09786039610167059 0.32714568787965287
1 0.6201804918856204 0.3510415959365967 0.09780584902377001 0.3240206878796529
1 0.7498679918856205 0.3480230858686105 0.09945016964062106 0.3287445554708334
1 0.16497915422593615 0.7489790946054166 0.09931380194586933 0.3209320554708334
1 0.29472120130383683 0.7428355845374303 0.10101266964062106 0.3287809230620139
1 0.42435415422593614 0.742942074469444 0.10101266964062106 0.3287809230620139
1 0.5525064277648865 0.7383974319926384 0.09777857548481954 0.32245818787965275
1 0.6790689277648865 0.7354516571070133 0.09616152840691897 0.3192968202884723
1 0.8087564277648864 0.7324331470390272 0.09931380194586943 0.3209320554708334