1 0.19502754877883322 0.24964982938729746 0.19262308666190314 0.4662622130363571
1 0.3591993094224949 0.2378200248356713 0.18103002279993277 0.45599439273291537
1 0.5169025487788332 0.22337540331458325 0.17256195893796225 0.44598166394474276
1 0.674824309422495 0.21973152339820232 0.18560826215627096 0.43946304679640463
1 0.8354340274915097 0.20984659824357194 0.1760147408689477 0.41969319648714387
1 0.15287144385482515 0.6805169342384861 0.20063196463794553 0.5585772587939918
1 0.31369968321116337 0.6658172212021289 0.18253752849991595 0.5664217097023773
1 0.46424598642947207 0.6613853284692136 0.192600943350622 0.5548145300058189
1 0.6195126406365165 0.6345682527057601 0.1901315072125925 0.5639344384905499
1 0.7823404225675017 0.6259909939117684 0.18980372528160744 0.5592469384905498
1 0.9229615246415183 0.6114188266330458 0.15407695071696353 0.5593744842481845