1 0.18732222235685217 0.251716047266224 0.17940092889637355 0.4643788462971587
1 0.35144838935304656 0.2418061796817418 0.1680814269192072 0.45423902179152653
1 0.5091972223568522 0.22920835467190653 0.15988692494204065 0.44431771857321783
1 0.6670733893530466 0.2231188407616636 0.17270525992301272 0.4462376815233272
1 0.8278198883644634 0.2142030266475916 0.16320292593062397 0.4284060532951832
1 0.13276464532172666 0.6817420368746638 0.18471978167184266 0.5566756069408205
1 0.29363847832553225 0.668925690577505 0.16635178364900902 0.5647394792168796
1 0.4439568133065042 0.6662491687859785 0.17677994767945382 0.5530043037225119
1 0.5996338103407547 0.641260604419805 0.17403694965662025 0.5621607824351884
1 0.7623248113293378 0.6345849974789844 0.17384594866803696 0.5574732824351883
1 0.9169659599995625 0.6218779118254876 0.16606808000087483 0.5575825430788501