1 0.14184180560049026 0.3556328973442803 0.10506401550266684 0.3020715601084586
1 0.25259729507714657 0.35940331283893306 0.11002453128768241 0.3067863311856975
1 0.3684043056004903 0.3569509994108248 0.10708154181102607 0.3098931504675383
1 0.48246680560049027 0.35761459562363695 0.10506401550266684 0.3020715601084586
1 0.5934043056004903 0.35826001111828976 0.11305852602601049 0.3052420119038567
1 0.7071937898154748 0.3636111073311018 0.10294007338105722 0.3192408793902993
1 0.8244722950771465 0.36273038426207316 0.11029754707269816 0.3114738311856975
1 0.07332296387416874 0.7538067769309713 0.10653551024099502 0.30051815046753827
1 0.1888569586124969 0.756041963502863 0.10837102602601059 0.305214740826618
1 0.29988546387416876 0.7551248789975158 0.09761553654935433 0.3082761083130606
1 0.40613546387416866 0.7557430234149299 0.10028551024099493 0.30048178903121964
1 0.5187264691358406 0.7548350292686623 0.10331950497932318 0.29893746974937885
1 0.6281014691358406 0.7554713544042355 0.10331950497932318 0.29893746974937907
1 0.7344424743975125 0.7545269988216496 0.10782499445597934 0.29583974082661796
1 0.8437264691358406 0.7567258239572229 0.1021210260260105 0.30517837939029935