1 0.1625 0.3546875 0.0875 0.3015625
1 0.2734375 0.3578125 0.0921875 0.30625
1 0.3890625 0.3546875 0.0890625 0.309375
1 0.503125 0.3546875 0.0875 0.3015625
1 0.6140625 0.3546875 0.0953125 0.3046875
1 0.728125 0.359375 0.084375 0.31875
1 0.8453125 0.3578125 0.0921875 0.3109375
1 0.1171875 0.753125 0.0890625 0.3
1 0.2328125 0.7546875 0.090625 0.3046875
1 0.34375 0.753125 0.0796875 0.3078125
1 0.45 0.753125 0.0828125 0.3
1 0.5625 0.7515625 0.0859375 0.2984375
1 0.671875 0.7515625 0.0859375 0.2984375
1 0.778125 0.75 0.090625 0.2953125
1 0.8875 0.7515625 0.084375 0.3046875