1 0.13562338837299354 0.360362125042409 0.11035103984146363 0.304618067330528
1 0.24632409003266753 0.3673611479078998 0.11539373735195273 0.30946925843752043
1 0.36218588837299354 0.3682738618803831 0.1125055356922787 0.31248513103285874
1 0.4762483883729936 0.3722570121505356 0.11035103984146363 0.3046180673305279
1 0.5871858883729935 0.37613103501602635 0.11840033818178952 0.30801588584218215
1 0.7008931908625045 0.38480168528617875 0.1085284307132568 0.3216964399258663
1 0.8181990900326674 0.387331462960993 0.11574893486244164 0.31415675843752044
1 0.06011909998142244 0.7572172776748142 0.11179514067130061 0.3031101310328587
1 0.17562570081125942 0.7628174916472975 0.11371283818178965 0.3078521947351895
1 0.2866815999814224 0.7651290145127883 0.10301213652211576 0.3105952488188738
1 0.3929315999814224 0.7688393462712865 0.10554514067130061 0.3028918762235353
1 0.5055499991515855 0.771205432839108 0.10855174150113758 0.301438503628197
1 0.6149249991515855 0.775024892002268 0.10855174150113758 0.3014385036281972
1 0.7212933983217484 0.7771727237607662 0.11300244316081151 0.29847719473518985
1 0.8305499991515856 0.7825546829239262 0.10746283818178952 0.3076339399258661