1 0.25 0.6078125 0.10625 0.1484375
1 0.4046875 0.5359375 0.2484375 0.25
1 0.5984375 0.53125 0.1 0.275
1 0.128125 0.4796875 0.1765625 0.1515625
1 0.1609375 0.55 0.1828125 0.13125
1 0.453125 0.3953125 0.1015625 0.15625
1 0.3546875 0.3609375 0.0875 0.121875
1 0.7875 0.684375 0.19375 0.11875
1 0.7625 0.5875 0.209375 0.1453125
1 0.71875 0.334375 0.2125 0.125
1 0.6890625 0.3765625 0.2046875 0.125
0 0.8859375 0.6171875 0.1734375 0.0921875
0 0.79375 0.515625 0.234375 0.0921875
0 0.8296875 0.475 0.171875 0.034375