1 0.20038470028016575 0.5961685628630627 0.11836684697528091 0.15338617328319834
1 0.3609393051313544 0.5170888767595829 0.2688448212215257 0.26157116252983137
1 0.555071942404258 0.5033773254784566 0.12244805334367825 0.2796575748547749
1 0.09171783582573631 0.47371998221731976 0.18343567165147262 0.159786030602962
1 0.11604139331264358 0.5425042154680967 0.19352634364130097 0.13976462903138528
1 0.42085592331846255 0.37420786393930133 0.1143170757634536 0.16098034946188075
1 0.3252244299864223 0.3444176641869704 0.09744856909549374 0.125950377997928
1 0.7316349581560736 0.6476965980186479 0.20344347758022466 0.12777405128112634
1 0.7145427951294148 0.5519859917323415 0.22123675546001173 0.15506429735218497
1 0.6914552078662094 0.3008986807313056 0.2227036606107628 0.1348973465663966
1 0.6583239724100769 0.3444688982663169 0.2148911606107628 0.13453347353086736
0 0.8355569257343586 0.5759242977709789 0.18096269970043757 0.10026548138875029
0 0.7516598999806033 0.47865549959022446 0.24190019970043758 0.10310369106587877
0 0.7909135896791012 0.4363566836267897 0.1746810066679597 0.042380206781644246