1 0.2783093221641785 0.5947105551792398 0.11316358767505648 0.15400582654882305
1 0.4296491902373091 0.5147287268213943 0.2600814371369372 0.2630200576656305
1 0.6231808664159916 0.49988721958530496 0.11280833085063087 0.28024077792830404
1 0.15046680438149823 0.47297275327936034 0.18362163688926816 0.1608157485296619
1 0.1865541617012618 0.5415656230216356 0.18892556699689203 0.14083079715018093
1 0.47153697559778196 0.37156522501237194 0.10883996071058562 0.161572665083434
1 0.37149843424145307 0.34234911578554633 0.0931764193542568 0.12646068068726618
1 0.8193752779123656 0.6431038738146051 0.1992808701400449 0.12890400723608925
1 0.7898632522718024 0.5475390682966811 0.21614303846084476 0.15628537878738663
1 0.7343237659206535 0.2967069086403141 0.2183219685684687 0.1361366530976463
1 0.7066011803125116 0.3404502645877794 0.2105094685684687 0.13572721732199752
0 0.9129089344485954 0.5707574830414307 0.17418213110280903 0.1012769742194024
0 0.8177656203449329 0.474026325194086 0.23866870181924577 0.10447057326946271
0 0.8518109805601807 0.4315179206261018 0.173476041356329 0.04338258706427265