1 0.10787505144060375 0.46925480219071336 0.1049279888018452 0.2119664540774929
1 0.18533812322614654 0.4139929891794473 0.09126915311885524 0.27860838479802064
1 0.33519641326810284 0.3909238990502926 0.06184176224706199 0.26060253087881247
1 0.24771972405598355 0.41373692491454006 0.06823347220510563 0.24207985141192587
1 0.41919290496973305 0.37288930139929055 0.11049274979950727 0.2854039540774928
1 0.8267452958415265 0.3438811336773934 0.11868191286711749 0.16715405925034227
1 0.49781481243826586 0.3846331319615338 0.0986779888018452 0.21178459765100205
1 0.5742356024802222 0.36370085484364506 0.12112167386477957 0.240500631037097
1 0.6574983883729935 0.33477422129926565 0.14058206888575775 0.25042120031656906
1 0.7186726867133195 0.3298761211409811 0.1377171780139644 0.23318823620994644
1 0.7593209975012003 0.3489610902621687 0.12407980788809567 0.17666545157021032