1 0.152013882301953 0.46338552078312045 0.0927171542193456 0.21560285668871887
1 0.22452408197764145 0.4051252705310189 0.07513991639421018 0.281479228964778
1 0.37263429951023735 0.37599550938315407 0.04671490746575646 0.2623250373788668
1 0.2870513555165918 0.4023173447845494 0.05420012499835236 0.24412134059717552
1 0.455174064120734 0.35457969526908206 0.09399901055001152 0.28904035668871886
1 0.8611240551922801 0.30898442791703096 0.10911372158978594 0.17149222376899792
1 0.535107025971287 0.3630699024423335 0.08646715421934559 0.21516581411407198
1 0.609779743503883 0.33907539154657024 0.10727057792045169 0.2447112024816745
1 0.6905660933417271 0.3068313380761601 0.12618421915415362 0.25539733020561534
1 0.7514490462638266 0.2994451729733524 0.12432171022569989 0.23810056956195352
1 0.7939911022701809 0.3168076355944856 0.11396486282348768 0.1811950056999832