1 0.1796875 0.5010059201828264 0.0453125 0.34586046360606987
1 0.2953125 0.5237455992569929 0.0953125 0.3325642510334573
1 0.4015625 0.5625469259737946 0.0734375 0.2737329065339752
1 0.45 0.40872841315351305 0.0625 0.07478598428423436
1 0.5125 0.5401924288692788 0.0921875 0.3042937018192456
1 0.5390625 0.4030177605484792 0.053125 0.11497433664159917
1 0.628125 0.5129321079434452 0.0796875 0.3412115049623988
1 0.69375 0.5192505744449993 0.0578125 0.2683176604629168
1 0.7671875 0.49864266791102396 0.084375 0.32736732878371627
1 0.8046875 0.48908357734048347 0.059375 0.32307793507002264
1 0.2265625 0.5300726819696507 0.0453125 0.26929796360606983