1 0.13810758301114148 0.5250956192273144 0.07337256667959777 0.3477143300660185
1 0.25143675937371984 0.5633364959474993 0.12209710910325242 0.3364637632423147
1 0.35411547815995287 0.616382166447129 0.09550291607077455 0.276737448727685
1 0.4149249166505028 0.46905739858666584 0.06836710485118865 0.07734304147037037
1 0.46645598149393275 0.608900440057036 0.11667628546583089 0.30806536116879607
1 0.5041149624081374 0.47528685768194345 0.06230829454968649 0.11714783524981484
1 0.5838666221008163 0.597141316777221 0.10723738364905948 0.3444717528747221
1 0.648726347555009 0.6122577603211098 0.07949527879787102 0.27068293836009244
1 0.7235668508889889 0.6014952090487948 0.11077697183034871 0.33081935598499984
1 0.7617045796771615 0.596963533931017 0.08552188031507982 0.3255071393968517
1 0.18243166785845077 0.5604466503300921 0.06712282455550556 0.27115183006601845