1 0.564453 0.428581 0.088542 0.305339
1 0.674805 0.294466 0.086589 0.253255
1 0.778646 0.321701 0.085069 0.306713
1 0.857552 0.456771 0.026563 0.066667
1 0.696094 0.525521 0.103646 0.087500
1 0.716406 0.461979 0.059896 0.035417
1 0.834896 0.640885 0.066667 0.040104
1 0.851823 0.779427 0.264062 0.107813
1 0.494010 0.650521 0.052604 0.059375
1 0.510417 0.580729 0.153125 0.091667
1 0.376042 0.751563 0.051042 0.057292
1 0.225521 0.755729 0.291667 0.156250
1 0.317708 0.531771 0.140625 0.111458
1 0.266146 0.480469 0.079167 0.046354
1 0.361979 0.341016 0.065104 0.039062
