1 0.599483 0.474511 0.099566 0.306694
1 0.696783 0.347876 0.101177 0.256975
1 0.804436 0.385734 0.096055 0.309878
1 0.898253 0.526921 0.030917 0.068537
1 0.741560 0.582215 0.110279 0.095705
1 0.756642 0.520225 0.060807 0.036862
1 0.890852 0.709207 0.065482 0.038233
1 0.896327 0.853467 0.207347 0.102838
1 0.550403 0.690804 0.054674 0.063414
1 0.561383 0.622564 0.158547 0.100085
1 0.441795 0.782259 0.056054 0.061458
1 0.294031 0.775408 0.300461 0.176477
1 0.364392 0.557684 0.136023 0.100277
1 0.308273 0.501939 0.077845 0.044058
1 0.391957 0.370750 0.066300 0.041135
