1 0.541395 0.392142 0.100074 0.305038
1 0.660244 0.250088 0.098050 0.255233
1 0.761240 0.271117 0.095866 0.304859
1 0.832724 0.401700 0.026858 0.065198
1 0.668978 0.481013 0.100612 0.081058
1 0.692304 0.416253 0.059350 0.034282
1 0.801377 0.587249 0.067376 0.041573
1 0.810511 0.725798 0.268730 0.121777
1 0.459741 0.618897 0.052741 0.056204
1 0.479886 0.547887 0.149877 0.085058
1 0.336859 0.727465 0.051014 0.054021
1 0.184482 0.744848 0.286399 0.149508
1 0.290333 0.511428 0.145042 0.120236
1 0.240911 0.463614 0.079958 0.048156
1 0.344022 0.317673 0.064388 0.037435
