1 0.305195620023276 0.6172682714700223 0.03985895182646946 0.22043976502711474
1 0.4178231657809105 0.6181762656162898 0.046364043341738534 0.22360112646343316
1 0.5464583488114487 0.623680856171761 0.059151085765393144 0.20805793969514957
1 0.6808333488114486 0.622899085290914 0.05707840273485516 0.20179884933607006
1 0.8139009403267178 0.6252514047691464 0.05864090273485516 0.2018079396951496
1 0.4013380700135777 0.358773994539051 0.039412670612702524 0.17670794574527396
1 0.45931006667959784 0.3412410608940255 0.05497376879593148 0.21428066861791084
1 0.5419950209219632 0.3391967718628058 0.08268418061464225 0.22849770472226433
0 0.23998598183228848 0.3737818918833312 0.025414072429473668 0.13914431323171658
0 0.2755408445593849 0.3688853136245 0.02595620636839744 0.1266534035907961
1 0.3139656157712122 0.3608455546475096 0.028889758793991673 0.1625909035907962
1 0.35277302425594315 0.35749329567051913 0.030420307885606058 0.1813409035907962
1 0.6117653869830395 0.35129679606330255 0.047193219704317 0.1954943071815923