1 0.2979547148900471 0.6068877390417452 0.03728075075630466 0.22133134449948208
1 0.4105639755337088 0.6032104673301235 0.0437492720436282 0.22474744292790555
1 0.5391260181083558 0.6034929495474433 0.05671916560701078 0.20977741439185812
1 0.6735010181083558 0.5972343333363395 0.054719623032363884 0.20345463978475245
1 0.8065320393956792 0.5941734917323416 0.056282123032363886 0.20352741439185812
1 0.3971142086858608 0.3436171435088059 0.037346452733776125 0.1777268937136937
1 0.4552873416055817 0.32366420843878335 0.05246870818165768 0.21580909057054054
1 0.5379905809619199 0.3182446542621729 0.08001455397461328 0.23110875889134014
0 0.2355975544788164 0.3652482026478151 0.023786697285894397 0.13971747146395277
0 0.2712072725478312 0.35888688668438035 0.02447511213660052 0.12729024607105863
1 0.3097234693295225 0.34925502150673393 0.026988106940820523 0.16322774607105864
1 0.3485674480421991 0.3443106563290875 0.028299234664761298 0.18197774607105854
1 0.6076146661112138 0.32754257154951516 0.04490758045771699 0.19676799214211718