1 0.2546875 0.61875 0.021875 0.2203125
1 0.3671875 0.6203125 0.028125 0.2234375
1 0.4953125 0.6265625 0.0421875 0.2078125
1 0.6296875 0.6265625 0.040625 0.2015625
1 0.7625 0.6296875 0.0421875 0.2015625
1 0.371875 0.3609375 0.025 0.1765625
1 0.43125 0.34375 0.0375 0.2140625
1 0.5140625 0.3421875 0.0640625 0.228125
0 0.209375 0.375 0.0140625 0.1390625
0 0.2453125 0.3703125 0.015625 0.1265625
1 0.284375 0.3625 0.015625 0.1625
1 0.3234375 0.359375 0.015625 0.18125
1 0.5828125 0.3546875 0.03125 0.1953125