1 0.38937739038441493 0.6118487560470888 0.08544473516896431 0.3288522533418178
1 0.4659398903844149 0.6127396413908155 0.08752068739853733 0.35853975334181776
1 0.5300352413731506 0.5916282573997241 0.08188269259431742 0.322565890674727
1 0.5789533426139879 0.6437180160725422 0.0738516713069938 0.31934998400699965
1 0.6985010181083557 0.6341804787555414 0.11281561834078672 0.3853749733449995
1 0.7770195020168125 0.5960634080999044 0.08806699061684604 0.36635225334181776
1 0.8178737309815904 0.6667940787714497 0.07479145843375931 0.2881363466740906
1 0.635815347809768 0.6084714067472691 0.08552114482389044 0.3522715720082722
1 0.8726926349365332 0.5800031507797221 0.1008290705703601 0.41489884134309046
1 0.9710192893080658 0.6157053881285396 0.057961421383868485 0.34300566000954513
1 0.9406449594421655 0.5917224481221762 0.08533547452530285 0.32728975334181776