1 0.339802461250822 0.6057944402843249 0.0663180800445434 0.32848861436318477
1 0.41636496125082195 0.6053490126894235 0.06666352538190683 0.3581761143631848
1 0.4822444999204582 0.5830922176080797 0.06312035471036168 0.3222204336450254
1 0.5269570159134586 0.6343910971947707 0.055271492043270774 0.3190499818496274
1 0.6473967852482766 0.6227536395456401 0.09041010805217944 0.38487496974937885
1 0.7291013185869127 0.5832184408735002 0.06675443204963401 0.3659886143631848
1 0.7642206585773678 0.6533218626146688 0.058032865372361894 0.2878181625677865
1 0.5867501865850038 0.5981081635497453 0.0650283000477252 0.3519170240041051
1 0.8261763132559127 0.5654673386105638 0.07669305338954295 0.4144806565176623
1 0.9398388239179128 0.5991787423977517 0.0742942120464523 0.34259656615858275
1 0.8932365439210945 0.5760139531701401 0.06629989871099795 0.3269261143631848