0 0.1051980198019802 0.0829103214890017 0.034653465346534656 0.011844331641285956
0 0.474009900990099 0.09813874788494077 0.034653465346534656 0.01692047377326565
0 0.10396039603960396 0.4069373942470389 0.034653465346534656 0.01353637901861252
0 0.47029702970297027 0.42216582064297803 0.034653465346534656 0.01692047377326565
1 0.17698019801980197 0.17258883248730963 0.2896039603960396 0.2893401015228426
1 0.5074257425742574 0.17343485617597293 0.2871287128712871 0.30287648054145516
0 0.1051980198019802 0.7360406091370558 0.03712871287128713 0.015228426395939087
0 0.4715346534653465 0.751269035532995 0.027227722772277228 0.015228426395939087
1 0.1745049504950495 0.4983079526226734 0.2995049504950495 0.2961082910321489
1 0.504950495049505 0.49746192893401014 0.2995049504950495 0.3011844331641286
1 0.8353960396039604 0.511844331641286 0.27970297029702973 0.272419627749577
1 0.17574257425742573 0.8324873096446701 0.297029702970297 0.29949238578680204
1 0.5086633663366337 0.8282571912013537 0.28217821782178215 0.3011844331641286
1 0.8403465346534653 0.8409475465313029 0.2698019801980198 0.27580372250423013
