0 0.36386138613861385 0.7707275803722504 0.019801980198019802 0.023688663282571912
0 0.38613861386138615 0.5203045685279187 0.024752475247524754 0.023688663282571912
1 0.11633663366336634 0.7199661590524534 0.23267326732673269 0.19796954314720813
1 0.12128712871287128 0.494077834179357 0.24257425742574257 0.19627749576988154
0 0.8452970297029703 0.7698815566835872 0.022277227722772276 0.025380710659898477
0 0.8675742574257426 0.5194585448392555 0.022277227722772276 0.018612521150592216
1 0.4975247524752475 0.7225042301184433 0.43316831683168316 0.20473773265651438
1 0.4962871287128713 0.4966159052453469 0.4405940594059406 0.20473773265651438
1 0.5173267326732673 0.2707275803722504 0.39851485148514854 0.19120135363790186
1 0.8836633663366337 0.7208121827411168 0.23267326732673269 0.20304568527918782
1 0.879950495049505 0.494077834179357 0.2400990099009901 0.19289340101522842
1 0.8985148514851485 0.26649746192893403 0.20297029702970298 0.1844331641285956
