1 0.07595425419330898 0.6534766894960164 0.15190850838661796 0.2831715158351177
1 0.17803982692952633 0.63903845328607 0.1616934471009328 0.28547816191590947
1 0.3008248795462448 0.6198672529695008 0.15017909442774463 0.3288189849563052
1 0.4384158848079167 0.6143039115867049 0.16386216282947857 0.34949519780928673
1 0.5767349321629633 0.5962405702039091 0.14364066809115048 0.3504666644231918
1 0.7163434637329944 0.5828192647144903 0.19491474175455642 0.37379651583511764
1 0.8425265321347284 0.5588696361846759 0.23939278384793106 0.3875695108205527
1 0.7439349266189428 0.2965635159681316 0.15768921558737148 0.2167281619159093
1 0.6312683266471777 0.329478967538342 0.12056864718563745 0.1953699874635877
1 0.5214691214419755 0.3935080267886843 0.10544344710093298 0.28384145407749284
1 0.41317077403045915 0.35142347835889465 0.09805661035393456 0.1837959899708701
1 0.30748221615206883 0.3716570735026143 0.11313557878390341 0.174875631037097
1 0.20740662144197555 0.40264631221984326 0.1145006577089811 0.19831313103709683
1 0.12295602673188226 0.4331809098708453 0.11544153142885674 0.16090405925034226