1 0.09913045081343945 0.6545863141240293 0.17505558391617196 0.28115236282348766
1 0.21937931829988208 0.641548751624853 0.1469487646343312 0.28378643912238155
1 0.34116341470908595 0.6237964155867266 0.1331407946885605 0.3272909772718286
1 0.47865432435000627 0.6198338441590966 0.14575896935659535 0.3478216655834313
1 0.6160725111182896 0.6033712727314666 0.12545555971567524 0.34902960957707696
1 0.755080468963812 0.5915689277648865 0.17558282474278997 0.37177736282348767
1 0.879962294295777 0.5690745446488593 0.21940554761542685 0.3850410219140972
1 0.764354433252242 0.30544051299223407 0.14654878883482797 0.21503643912238166
1 0.6535896500747548 0.3370644342577082 0.11049311416679294 0.19409664772652374
1 0.5476941740788599 0.39985653490633133 0.09069876463433121 0.28280459172016936
1 0.43649305366555097 0.35648045617180546 0.08855448165323558 0.18277731818121906
1 0.33190554761542673 0.3754952832814783 0.10412493949875792 0.1736750535707225
1 0.23363167407885985 0.40533851623534967 0.10426129488495217 0.19711255357072233
1 0.15098280054229296 0.4349090137997177 0.10716812626704138 0.15966710064862327