1 0.0953125 0.65625 0.1734375 0.278125
1 0.215625 0.6453125 0.1453125 0.28125
1 0.3375 0.6296875 0.13125 0.325
1 0.475 0.628125 0.14375 0.3453125
1 0.6125 0.6140625 0.1234375 0.346875
1 0.7515625 0.6046875 0.1734375 0.36875
1 0.8765625 0.584375 0.2171875 0.38125
1 0.7625 0.31875 0.1453125 0.2125
1 0.6515625 0.3484375 0.109375 0.1921875
1 0.5453125 0.409375 0.0890625 0.28125
1 0.434375 0.3640625 0.0875 0.18125
1 0.3296875 0.38125 0.103125 0.171875
1 0.23125 0.409375 0.103125 0.1953125
1 0.1484375 0.4375 0.10625 0.1578125