1 0.11360431182960551 0.33851586612423057 0.10398129445670076 0.3249800678423959
1 0.23111714350880597 0.35885494233436943 0.10634000702931327 0.2752257293077851
1 0.360804643508806 0.3520583084586001 0.11280833085063087 0.28024077792830404
1 0.5214168118296055 0.3171433186353654 0.12338626592065349 0.34002521370395283
1 0.6600041228306415 0.35352347467368767 0.07407116252983137 0.25171298620519006
1 0.7793748610438171 0.30050693803895634 0.07389568817039453 0.3483423247398008
1 0.8669433275453713 0.3613824830414307 0.06004289578060806 0.21824538896415202
1 0.11360431182960551 0.33851586612423057 0.10398129445670076 0.3249800678423959
1 0.1039552142297516 0.6460827046588413 0.09507717535011291 0.30113313206674713
1 0.22208878412212774 0.61962866802411 0.10270558477957233 0.2641244549975255
1 0.3499226856937043 0.6191639213034703 0.10881003556536069 0.2613270036180445
1 0.5048627427657989 0.6391002057904951 0.11902409759985381 0.31329893939369347
1 0.6426196079434453 0.5929135232942067 0.07163536724456102 0.23288109905006033
1 0.7466863697302696 0.6342201967453835 0.061793794456700725 0.3227691146538927
1 0.8478893048002922 0.5696863059722093 0.05321069892376151 0.20541784034363317