1 0.1296875 0.3453125 0.0890625 0.3203125
1 0.2484375 0.371875 0.09375 0.2703125
1 0.378125 0.371875 0.1 0.275
1 0.5375 0.3453125 0.1078125 0.334375
1 0.678125 0.3890625 0.0625 0.2484375
1 0.7953125 0.3421875 0.0578125 0.3453125
1 0.8859375 0.4078125 0.05 0.215625
1 0.1296875 0.3453125 0.0890625 0.3203125
1 0.134375 0.653125 0.08125 0.296875
1 0.2515625 0.6328125 0.090625 0.259375
1 0.3796875 0.6390625 0.096875 0.25625
1 0.5359375 0.6671875 0.1046875 0.3078125
1 0.671875 0.628125 0.0609375 0.2296875
1 0.778125 0.675 0.046875 0.3203125
1 0.8765625 0.615625 0.04375 0.203125