1 0.12767853064340448 0.336243866576076 0.09092602361132163 0.3265403566887189
1 0.246273994539051 0.35450255765778416 0.09532263212077385 0.27686813861970416
1 0.375961494539051 0.34543392423386016 0.10159990319801278 0.28199268119435106
1 0.5354910306434044 0.30772683858036315 0.10975783684303816 0.34191398441265963
1 0.6758615005891752 0.341643380650807 0.0639453670936593 0.2528079257464694
1 0.7933217113615637 0.2865738323761769 0.05982146935659571 0.3493551438154842
1 0.8835649162802198 0.34586171504379626 0.051254469552987555 0.21912134059717553
1 0.12767853064340448 0.336243866576076 0.09092602361132163 0.3265403566887189
1 0.1305752299047198 0.6437285846450908 0.08297716822512738 0.30255655347041016
1 0.2478809045727548 0.6152215363704606 0.0921339996072165 0.26571211733238054
1 0.3759695431364364 0.6125121635901983 0.09836581888905727 0.26302415990702743
1 0.5320559166730032 0.6297110992240249 0.1064783007386847 0.3151329631253361
1 0.6682206756499938 0.5811429232254539 0.06227378278470397 0.23394866510280768
1 0.7741979648776052 0.6205881994564559 0.04873852361132158 0.32359031930985205
1 0.8729808985226306 0.5543297789057666 0.04493174668035031 0.20618429802252863