1 0.25108771780447137 0.6306122609582548 0.02624537919390768 0.2152268937136938
1 0.3651411274453918 0.6374873072769823 0.030969240630226123 0.22169521753501123
1 0.49322976600907326 0.6497048250596626 0.04493174668035031 0.205162688998964
1 0.6275956756499937 0.6575259412707664 0.04177947560311139 0.20032963978475227
1 0.7572831756499937 0.6635662336605526 0.04643970452587247 0.19586046360606985
1 0.5807489884889268 0.3818324284504848 0.029243114166792948 0.19349744292790544
1 0.5105001210024842 0.36762007113072126 0.06693401170746505 0.22805653349844598
1 0.42924103064340446 0.36539829156121667 0.040326059912066906 0.2190068651776464
1 0.3682217174116879 0.3766225818840882 0.02444652985783753 0.17452911910658786
1 0.2822387656162898 0.38043247849326606 0.018169258780598697 0.1695505206781645
0 0.24312172346181216 0.3879881133156196 0.014816999803608333 0.13034247146395267
0 0.20719331382089176 0.3847517973521849 0.014898813035324832 0.14440497146395276
1 0.31978421741168794 0.3743665690638066 0.01666130093507645 0.17885274607105855