1 0.177273 0.532123 0.351948 0.194805
1 0.190909 0.689915 0.381818 0.284416
1 0.317532 0.727577 0.219481 0.209091
1 0.440909 0.748616 0.112987 0.168052
1 0.687013 0.739915 0.205195 0.184416
1 0.811039 0.704850 0.377922 0.254545
1 0.833766 0.532123 0.329870 0.101299
1 0.577273 0.750304 0.157143 0.161039
1 0.188961 0.313291 0.375325 0.292208
1 0.292208 0.283421 0.267532 0.232468
1 0.471429 0.267188 0.090909 0.200000
1 0.620779 0.268486 0.142857 0.202597
1 0.769481 0.286668 0.338961 0.238961
1 0.825325 0.361003 0.346753 0.251330
