1 0.778125 0.375412213258814 0.0453125 0.3549960759347277
1 0.578125 0.4046298070396811 0.040625 0.3530783784242386
1 0.4109375 0.4266735182471247 0.04375 0.40175267676456466
1 0.2359375 0.43368422530538336 0.04375 0.36269017676456466
1 0.1328125 0.46493607053614294 0.0453125 0.3346835759347277
1 0.48125 0.41040805558978855 0.0484375 0.3817953742750538
1 0.1984375 0.5584008053892959 0.0515625 0.15390717261537984
1 0.240625 0.6817665277948943 0.334375 0.1503374224148871
1 0.3265625 0.49087957343592803 0.0265625 0.19420028589277152
1 0.3640625 0.4880379933520154 0.0515625 0.3242196726153798
1 0.6953125 0.4832498692774544 0.046875 0.2551144751048907