1 0.155675 0.542148 0.311351 0.205064
1 0.165246 0.691912 0.330491 0.235073
1 0.252798 0.755525 0.234933 0.205351
1 0.372573 0.782888 0.122009 0.166726
1 0.621427 0.792662 0.190765 0.198587
1 0.752156 0.772428 0.372582 0.262754
1 0.789370 0.600753 0.331915 0.115195
1 0.506817 0.796213 0.152679 0.168617
1 0.169409 0.327733 0.338818 0.316860
1 0.268491 0.305484 0.249807 0.247387
1 0.449789 0.302369 0.077112 0.203209
1 0.597858 0.312032 0.159446 0.205451
1 0.745707 0.342004 0.357027 0.222685
1 0.795660 0.431564 0.362354 0.241291
