1 0.7477505410620376 0.4842395157253619 0.06989614482389044 0.35446625693983036
1 0.546767195269082 0.48548543337024885 0.06509938418022862 0.3526033682908823
1 0.3789241314071116 0.48414657155777147 0.0716114641337425 0.401241127390181
1 0.20436117398175857 0.46668206199704754 0.06887994804219906 0.362178627390181
1 0.09959726432683255 0.4835110117201923 0.06847575645628781 0.33415375693983035
1 0.45000145591274376 0.4777149012919909 0.07487857576613983 0.38122901603912884
1 0.15833884377614324 0.5861539528054638 0.06205152179152655 0.15330427513842756
1 0.1916762316395427 0.7154199506459955 0.3431158514929388 0.1464277236249547
1 0.2905064875916274 0.5365520758767082 0.040001559170393365 0.19388970234403846
1 0.3280064875916274 0.5389551850682919 0.0739609319506557 0.32361677513842757
1 0.6578360992240249 0.5804951495939479 0.06446596362953941 0.2545663864894795