1 0.190564 0.535051 0.353233 0.200587
1 0.210643 0.695054 0.376490 0.274213
1 0.339062 0.738309 0.214341 0.207655
1 0.463636 0.761216 0.109987 0.166423
1 0.708826 0.760169 0.209994 0.189857
1 0.820387 0.729922 0.359227 0.255944
1 0.841968 0.558097 0.316064 0.104122
1 0.599879 0.767933 0.160279 0.163949
1 0.197699 0.319099 0.382996 0.301150
1 0.300096 0.292693 0.273427 0.236596
1 0.478957 0.280987 0.096162 0.200213
1 0.627649 0.285208 0.138848 0.203693
1 0.777387 0.307886 0.332953 0.232650
1 0.832204 0.389085 0.335592 0.245500
