1 0.2546875 0.6291277203796858 0.025 0.21508117193911042
1 0.36875 0.6353379111018764 0.0296875 0.22152217292769336
1 0.496875 0.6468086047898165 0.04375 0.20490767589344294
1 0.63125 0.6538464664625342 0.040625 0.2000928419010542
1 0.7609375 0.6591308271466687 0.0453125 0.1955963428896375
1 0.5828125 0.37843528958050804 0.028125 0.19333350593149906
1 0.5125 0.3646327747517605 0.065625 0.22767401384016442
1 0.43125 0.362884590949652 0.0390625 0.21877917490485982
1 0.3703125 0.3744640780980708 0.0234375 0.17439250494291586
1 0.284375 0.37877489330737923 0.0171875 0.16945033695813833
0 0.2453125 0.38655821840251947 0.0140625 0.13026050296574948
0 0.209375 0.38353137749004845 0.0140625 0.14432300296574957
1 0.321875 0.37249040121604465 0.015625 0.17876166996194395