1 0.2555777961138398 0.2968970906823173 0.1254624962759463 0.41806832654882314
1 0.5447130707209457 0.3104837143813214 0.1254624962759463 0.41806832654882314
1 0.8306505707209457 0.325469063770066 0.12546249627594647 0.4180683265488231
1 0.8083815409465533 0.7964782284590448 0.12717054549015822 0.4070435430819105
1 0.5224440409465533 0.7886087143813214 0.12717054549015802 0.421275213703953
1 0.23345431555365917 0.7718970906823173 0.12717054549015802 0.4212752137039528
1 0.14482438668438039 0.25350121551297516 0.12880582009726393 0.4229196008590826
1 0.43388688668438036 0.2686503392119793 0.12880582009726388 0.4229196008590826
1 0.7213868866843803 0.2837175757558536 0.12880582009726388 0.4229196008590826
1 0.7007531315170938 0.7603619629109835 0.12880582009726388 0.4229196008590826
1 0.41169063151709395 0.7452128392119792 0.12880582009726388 0.4229196008590826
1 0.12262813151709388 0.7300637155129752 0.12880582009726393 0.4229196008590826