1 0.07581852176918243 0.5152886567140541 0.09672624409436822 0.3989192890312198
1 0.12963300253188872 0.4899704941462675 0.08836810707105966 0.3832488372358217
1 0.20882942921091102 0.47544438583320703 0.0997818114248962 0.48641928903121967
1 0.2827431335647475 0.5781603196746242 0.07579369600113406 0.3363102047222643
1 0.3220387573412121 0.49510237997947454 0.08671632703399279 0.42541815651766246
1 0.4205506684111378 0.5414137777165382 0.1141518462712865 0.45057269262201594
1 0.49133439436452075 0.5097456211988758 0.08159231741534594 0.4128908854404235
1 0.5152976840202343 0.47991267545360194 0.05039688111767689 0.41427157825883115
1 0.5616121780297847 0.5530956453993726 0.07241572485707444 0.3737829336450254
1 0.6126091936388812 0.4918490731906656 0.08189985226173632 0.37696247579950326
1 0.6932242765785059 0.5179479648776051 0.08655263592700031 0.42073065651766245
1 0.7807242765785058 0.5174389047691466 0.08529767077339052 0.38479315651766244