1 0.0359375 0.5578125 0.046875 0.2609375
1 0.078125 0.5640625 0.0359375 0.2453125
1 0.1234375 0.5515625 0.0578125 0.2671875
1 0.1796875 0.553125 0.05625 0.2671875
1 0.2296875 0.546875 0.0453125 0.2765625
1 0.2703125 0.5578125 0.0453125 0.25
1 0.315625 0.5828125 0.04375 0.2015625
1 0.365625 0.5515625 0.0625 0.265625
1 0.4265625 0.55 0.0578125 0.265625
1 0.478125 0.565625 0.0453125 0.2421875
1 0.5234375 0.55625 0.05 0.2625
1 0.565625 0.5734375 0.0359375 0.2265625
1 0.60625 0.553125 0.05 0.2671875
1 0.65625 0.5546875 0.0484375 0.2625
1 0.7 0.5578125 0.0390625 0.2578125
1 0.740625 0.559375 0.04375 0.25
1 0.790625 0.5515625 0.0578125 0.2671875
1 0.8390625 0.5578125 0.040625 0.2578125
1 0.8828125 0.5578125 0.04375 0.25625
1 0.921875 0.5625 0.0453125 0.240625
1 0.9671875 0.5609375 0.0484375 0.25