0 0.333533 0.617800 0.075029 0.385096
0 0.299512 0.673881 0.045501 0.318510
0 0.735810 0.654617 0.143791 0.357413
0 0.890953 0.327992 0.144479 0.324733
0 0.857929 0.346224 0.149983 0.359821
0 0.830753 0.376908 0.147919 0.371379
0 0.763067 0.312229 0.143265 0.293207
0 0.775714 0.441683 0.167183 0.367733
0 0.764190 0.513922 0.168215 0.366357
0 0.717750 0.494830 0.162023 0.366701
0 0.665119 0.587710 0.054696 0.381837
0 0.060833 0.470606 0.120580 0.370974
0 0.185215 0.402983 0.128184 0.371517
0 0.154799 0.383701 0.127098 0.372060
0 0.203683 0.493147 0.130357 0.370431
0 0.220520 0.573533 0.129271 0.370431
0 0.236543 0.665951 0.118951 0.334746
0 0.110260 0.413031 0.123839 0.369888
0 0.316692 0.304299 0.049020 0.277348
0 0.354425 0.376861 0.038055 0.378612
