1 0.03211150058917519 0.38966251785690753 0.029134029857837574 0.17392842370110612
1 0.10089786202549367 0.38461255357072244 0.03702834308955412 0.18812729139585782
1 0.17593422346181214 0.37967168344033875 0.035520385244031824 0.19747501785690752
1 0.25720240417997137 0.3779649074657564 0.04809310811666876 0.2101932061685102
1 0.34156831382089176 0.38100017856907475 0.051218108116668756 0.21024775324641087
1 0.45251490417997137 0.38137409983454895 0.10902151775758906 0.20969437418757347
1 0.5947024041799713 0.38385599187902986 0.126236288834828 0.21468188311602718
1 0.7773149162802199 0.42142199593621965 0.019249969749379047 0.08626478246740402
1 0.8679853680756178 0.41519136119533934 0.011255662567786828 0.05487841477265239
1 0.9368899041799714 0.38982889690915434 0.0418612888348278 0.21320911201270887
1 0.03070249493183444 0.6318500178569074 0.026072662371394894 0.18481137662320535
1 0.09322976600907329 0.6282534594149211 0.035493114166792995 0.19278751785690745
1 0.1604172660090733 0.6294262215897858 0.043323794884952214 0.19604888555165906
1 0.23228317564999362 0.6322433043815014 0.04176129488495217 0.19602161201270896
1 0.30731953708631216 0.6273024342511176 0.03714651775758924 0.20843979139585792
1 0.3885786274453918 0.6271581582765353 0.04184310811666876 0.21008411201270896
1 0.4820831877502421 0.6709820706135557 0.14131586729005097 0.1212046185055307
1 0.5789490973911625 0.6742355300284768 0.052371541958086 0.13996252678536117
1 0.7602990913410382 0.6602117605467163 0.03220448770335978 0.16460797077900685
1 0.9165945431364364 0.6551266144417502 0.030660168421519175 0.1677056972400564
1 0.9728627238545956 0.6529834618439624 0.030678349139678217 0.1708306972400564
1 0.6666854467272325 0.6351378482096959 0.12003174063022612 0.22238528896022594