1 0.19501690160575796 0.2312188227193377 0.1562614034514592 0.4495212521260319
1 0.340329401605758 0.22205884666117096 0.15626140345145928 0.4441176933223419
1 0.48554177205610866 0.21690921893116505 0.1562614034514592 0.4338184378623301
1 0.6292917720561086 0.21104211407997645 0.1562614034514592 0.4220842281599529
1 0.768454401605758 0.20442564566819646 0.1484489034514592 0.4088512913363929
1 0.05998581354281959 0.692602346057197 0.11997162708563917 0.42401106909549374
1 0.1675418322074548 0.6842162769617032 0.1484093306570701 0.4240110690954939
1 0.2892165731081562 0.6773927078662094 0.1484093306570701 0.4240110690954939
1 0.40942894355850684 0.6691341845283503 0.1484093306570701 0.42401106909549374
1 0.5251540731081562 0.6581332984633945 0.1426599784053167 0.43131338606495573
1 0.6422414435585069 0.6501298666408044 0.14296036705426474 0.4360008860649556
1 0.7595290731081562 0.6390014348182144 0.1459852375046154 0.43469347758022464
1 0.8798415731081561 0.6291804114803551 0.14442273750461537 0.4345659318225902