0 0.311963 0.637303 0.061817 0.385128
0 0.272769 0.691763 0.050104 0.319466
0 0.712776 0.698363 0.131682 0.363320
0 0.879715 0.379146 0.133619 0.330297
0 0.845947 0.395367 0.137922 0.366426
0 0.817534 0.425374 0.135738 0.376468
0 0.752365 0.355647 0.133428 0.299501
0 0.760260 0.487023 0.155242 0.373944
0 0.746207 0.558571 0.156286 0.372468
0 0.700336 0.536775 0.150351 0.372972
0 0.641853 0.626508 0.047134 0.383159
0 0.055422 0.473864 0.110844 0.367241
0 0.171171 0.414040 0.140456 0.367752
0 0.141400 0.392638 0.139294 0.368485
0 0.186443 0.505010 0.142572 0.366951
0 0.200559 0.586488 0.141542 0.366223
0 0.213177 0.679807 0.130407 0.331962
0 0.095827 0.419517 0.136168 0.366598
0 0.306100 0.321805 0.058637 0.276972
0 0.343551 0.397823 0.046434 0.379063
