0 0.304764 0.635349 0.057407 0.385124
0 0.263843 0.689971 0.051641 0.319371
0 0.705089 0.693963 0.127641 0.362694
0 0.875965 0.374055 0.129995 0.329670
0 0.841948 0.390409 0.133897 0.365695
0 0.813122 0.420518 0.131673 0.375959
0 0.748793 0.351297 0.130146 0.298870
0 0.755102 0.482480 0.151257 0.373322
0 0.740206 0.554098 0.152305 0.371856
0 0.694467 0.532572 0.146570 0.372344
0 0.634002 0.622621 0.044783 0.383027
0 0.053707 0.473279 0.107414 0.367098
0 0.166484 0.412932 0.144552 0.368130
0 0.136928 0.391743 0.143364 0.368844
0 0.180689 0.503821 0.146649 0.367300
0 0.193896 0.585190 0.145638 0.366645
0 0.205378 0.678419 0.134230 0.332241
0 0.091010 0.418867 0.140283 0.366927
0 0.302565 0.320051 0.061847 0.277010
0 0.339921 0.395723 0.049230 0.379018
