1 0.05476490162730822 0.3882624129940278 0.03721447421940245 0.17409211664125
1 0.12318735300678921 0.3804122389820833 0.04576395861557021 0.18833645459715279
1 0.19785980438627018 0.3724165946054165 0.044692781546348745 0.1976750870059723
1 0.27894603007601065 0.3674004798640276 0.0578478787873868 0.21046602773541673
1 0.36340291723114043 0.3669991299402775 0.060972878787386796 0.21053876291777787
1 0.47425853007601065 0.362854530966458 0.11870349163225705 0.21032186379145842
1 0.6164460300760106 0.3595450801690273 0.13613665309764614 0.21540940729444458
1 0.8010600474888652 0.38966507200090217 0.02325379353213606 0.08637391109416673
1 0.8912756117132166 0.37974325171242984 0.01380355042954129 0.054942073138263846
1 0.9586335300760108 0.35158057770048534 0.05176165309764613 0.2134455573706945
1 0.06745741067241975 0.6304499129940278 0.03466268430531072 0.18495688145888883
1 0.1297117492070305 0.6243077093468055 0.04444712008095948 0.19298758700597213
1 0.1968992492070305 0.6227439029260415 0.05242339439121899 0.19629442496187507
1 0.26885613636216027 0.6226334937317359 0.05086089439121899 0.1962580573706944
1 0.3435285877416413 0.6146378493550693 0.04682849163225704 0.20864895459715277
1 0.42469670058651143 0.6111842346136802 0.05159787878738662 0.2103205573706944
1 0.5206576537750147 0.6511896791428468 0.14684842378986113 0.12202308320625015
1 0.6176145409301446 0.6504973884896523 0.05885045680654795 0.14026263050895835
1 0.7979637822237173 0.6290912479127078 0.039848151288623866 0.16478985182361114
1 0.9538043464480686 0.617641988794652 0.03844942559888338 0.16787848423243049
1 0.9952919860916187 0.6132077555121519 0.009416027816762451 0.17100348423243047
1 0.702985474896771 0.607835803383541 0.13029608887329508 0.2230764369297223