0 0.777857 0.371115 0.333333 0.072796
0 0.778910 0.406841 0.337283 0.069022
0 0.781702 0.442321 0.335391 0.066307
0 0.780769 0.477814 0.338200 0.063128
0 0.783973 0.512529 0.339269 0.056545
0 0.781517 0.550085 0.336737 0.054857
0 0.780251 0.588696 0.340957 0.062031
0 0.785087 0.628150 0.344755 0.061609
0 0.781923 0.655157 0.342645 0.034602
0 0.212725 0.357923 0.320605 0.059596
0 0.211646 0.394343 0.326172 0.058492
0 0.210786 0.430665 0.324483 0.058233
0 0.207629 0.466744 0.325766 0.053591
0 0.199067 0.649368 0.332676 0.037213
0 0.198395 0.610586 0.332227 0.038558
0 0.202206 0.572924 0.330882 0.041248
0 0.203816 0.538072 0.327116 0.044955
0 0.208599 0.500291 0.328073 0.045911
