0 0.777857 0.389266 0.333333 0.080217
0 0.778910 0.424993 0.337283 0.076412
0 0.781702 0.460565 0.335391 0.073744
0 0.780769 0.496041 0.338200 0.070730
0 0.783973 0.530825 0.339269 0.064147
0 0.781517 0.568368 0.336737 0.062370
0 0.780251 0.606876 0.340957 0.069574
0 0.785087 0.646399 0.344755 0.069289
0 0.781923 0.673489 0.342645 0.042312
0 0.212725 0.362861 0.320605 0.052442
0 0.211646 0.399281 0.326172 0.051287
0 0.210786 0.435566 0.324483 0.051122
0 0.207629 0.471552 0.325766 0.046352
0 0.199067 0.653939 0.332676 0.044476
0 0.198395 0.617007 0.332227 0.042433
0 0.202206 0.580167 0.330882 0.038933
0 0.203816 0.542800 0.327116 0.037686
0 0.208599 0.505058 0.328073 0.038520
