1 0.2312172754638911 0.26318768689433425 0.16396535789530448 0.44802187278026223
1 0.3765297754638911 0.2733489267548756 0.16396535789530448 0.44802187278026223
1 0.5219698212215256 0.28507266661541697 0.16396535789530448 0.44802187278026234
1 0.6657198212215256 0.2951246458322966 0.16396535789530448 0.44802187278026223
1 0.8046547754638912 0.303286343118191 0.15615285789530448 0.4474755695619536
1 0.14776549942027184 0.7063371173323807 0.1556746257731519 0.4225848302056153
1 0.2697680451779064 0.716421947537996 0.15567462577315183 0.4225848302056153
1 0.39189813669317547 0.7280692777436112 0.15567462577315183 0.4225848302056153
1 0.51233818245081 0.738044847305565 0.15567462577315183 0.4225848302056153
1 0.6278356366931754 0.7445676349365332 0.15006235456132444 0.42996028763096844
1 0.74515068245081 0.7543246832111634 0.15044499183422816 0.43464778763096845
1 0.8622106366931754 0.7609567314857936 0.15344244607659369 0.43330380891829173
1 0.9532915818274393 0.7693698010477471 0.09341683634512137 0.4331945482746303