1 0.2769790032987053 0.27499267366089886 0.11825252414838783 0.41559155925034225
1 0.5659960391920826 0.2650193139357028 0.11825252414838783 0.41559155925034236
1 0.8519335391920826 0.2566993824237522 0.11825252414838765 0.41559155925034225
1 0.865845555818623 0.7348243824237523 0.11990595236163344 0.418762023356965
1 0.5799080558186229 0.7431443139357029 0.11990595236163308 0.418762023356965
1 0.29080009171200033 0.749992673660899 0.11990595236163318 0.418762023356965
1 0.1633878647397609 0.24076608933773186 0.12151391646825585 0.42036998746358767
1 0.45245036473976097 0.23235522961253588 0.1215139164682558 0.4203699874635876
1 0.7399503647397611 0.22398983399396255 0.1215139164682558 0.4203699874635876
1 0.7553794172596786 0.7005068698873398 0.1215139164682558 0.42036998746358767
1 0.46631691725967866 0.7089177296125359 0.1215139164682558 0.42036998746358767
1 0.17725441725967866 0.7173285893377319 0.12151391646825585 0.42036998746358767