0 0.804180 0.407437 0.335674 0.087646
0 0.807562 0.443164 0.339751 0.083810
0 0.812514 0.478829 0.336576 0.081188
0 0.814149 0.514288 0.340210 0.078341
0 0.819739 0.549141 0.340951 0.071757
0 0.819998 0.586671 0.338301 0.069892
0 0.821697 0.625076 0.342846 0.077125
0 0.828037 0.664667 0.343926 0.076978
0 0.828240 0.691835 0.343519 0.050018
0 0.238158 0.367805 0.319563 0.045280
0 0.239351 0.404225 0.325043 0.044074
0 0.240989 0.440473 0.324365 0.044003
0 0.240607 0.476366 0.324881 0.039106
0 0.244966 0.658514 0.333607 0.051747
0 0.241337 0.621640 0.332343 0.049902
0 0.242472 0.585298 0.331603 0.045345
0 0.241755 0.548281 0.325668 0.038820
0 0.243823 0.513409 0.326414 0.038281
