1 0.045674153405271374 0.5586489545971528 0.05142968100470678 0.26202852773541674
1 0.08797074756107273 0.5658808795590279 0.04021944561520339 0.24614895459715277
1 0.13306505924947 0.554435539703264 0.06247627516050813 0.26853310087368065
1 0.18934233278842033 0.5573072729857641 0.06091377516050813 0.2684967332825
1 0.23923323863261897 0.5522210359035419 0.050139916394210185 0.2776171601442362
1 0.28004915340527137 0.5641040932742364 0.049676266232054365 0.25105466014423605
1 0.3257980300284768 0.5901587534184725 0.047268286524593875 0.20258079255305556
1 0.37525255924947 0.5600725163362503 0.06713650162155779 0.2670797036472223
1 0.4361627857105197 0.5599283523922921 0.062449001621557795 0.26697060087368063
1 0.48799802110002305 0.5767534829012504 0.04953989853730256 0.24324216014423605
1 0.533146879866321 0.5684331430454865 0.05458195454365704 0.2636637629177777
1 0.5756343887947748 0.5866025680073615 0.03989216314779931 0.22739895459715279
1 0.6159048327884203 0.567235625378056 0.05466377516050809 0.2683512629177779
1 0.6659321063273707 0.5699618882958338 0.05301945454365722 0.2636273953265974
1 0.7097366534052714 0.5741051808488895 0.04356263392680617 0.25872168977951393
1 0.7503889269442217 0.5766132382195839 0.048113766232054364 0.2510182925530556
1 0.8002525592494699 0.5699645011373617 0.062476275160508264 0.26853310087368065
1 0.8487991534052715 0.5773418964639591 0.04512513392680617 0.2587580573706944
1 0.8925491534052714 0.5783601890170147 0.048222860387855705 0.25726829255305556
1 0.9316934740221224 0.5839568787965286 0.049512624998352094 0.24167966014423606
1 0.9752890336835724 0.5834490389407646 0.0494219326328551 0.2511273953265974