1 0.0578125 0.5203441930324778 0.0828125 0.4051974251546303
1 0.1125 0.4998082945496865 0.075 0.3889346963664577
1 0.1921875 0.49225062818904786 0.0828125 0.49269742515463033
1 0.2625 0.6011151872826019 0.0640625 0.34116687606301604
1 0.3046875 0.5217464227387344 0.071875 0.4308671048511886
1 0.4015625 0.5765292597120755 0.0984375 0.4580353827309757
1 0.4734375 0.5511463645632642 0.0671875 0.41798446757828495
1 0.4984375 0.5234995966854168 0.0359375 0.41699605242559434
1 0.5421875 0.6005083778991838 0.059375 0.3782842387901123
1 0.5953125 0.5439074336587579 0.06875 0.38217451333591956
1 0.675 0.5769747672981193 0.071875 0.42617960485118866
1 0.7625 0.5841173297256532 0.071875 0.39024210485118865