1 0.023470283419348356 0.5590674651536097 0.04694056683869671 0.2625744110699257
1 0.061712457509212115 0.5667906851165428 0.043075364739760924 0.24656746515360978
1 0.10738867036219357 0.5558730324841376 0.06558686223247845 0.2692063569862416
1 0.1635932062555709 0.5593998257680484 0.06402436223247845 0.2691517932839108
1 0.2137750626820616 0.5548958642426358 0.053359646872214575 0.27814484736759476
1 0.25408181393570284 0.5672520205032381 0.05258675705962901 0.25158234736759477
1 0.29866688822973997 0.5938343678708329 0.04961486975432585 0.203090283665264
1 0.3495761703621936 0.5643304063454202 0.07022889812585582 0.26780754809323426
1 0.4105591344688162 0.5648958907363236 0.06554139812585583 0.2676438569862416
1 0.4616669934025895 0.5823214929132419 0.052359436526515424 0.24376984736759474
1 0.5072522780423255 0.5745288402808366 0.05763796991261039 0.2642460384745874
1 0.5489396728694761 0.5931895602437699 0.04252979546028861 0.2278174651536098
1 0.5901557062555709 0.5742957165043721 0.05777436223247854 0.2689335384745874
1 0.6401102421489482 0.5776042549789594 0.056075469912610386 0.26419147477225663
1 0.6837693139357028 0.5822570386442234 0.04656407759274224 0.2591765925582713
1 0.7243488498290802 0.5852381949048256 0.05102425705962901 0.25152778366526396
1 0.7745761703621936 0.5791717333794131 0.06558686223247853 0.2692063569862416
1 0.8228318139357029 0.5871132081516696 0.048126577592742234 0.2592311562606023
1 0.8665818139357029 0.5886409918169335 0.05120611348611988 0.257777783665264
1 0.9055079216158347 0.594692584375205 0.052313972419892704 0.24220734736759475
1 0.9508658857224574 0.5947124317427998 0.05571175705962901 0.2516914747722566