1 0.034375 0.3890625 0.028125 0.1734375
1 0.103125 0.3828125 0.0359375 0.1875
1 0.178125 0.3765625 0.034375 0.196875
1 0.259375 0.3734375 0.046875 0.209375
1 0.34375 0.375 0.05 0.209375
1 0.4546875 0.3734375 0.1078125 0.2078125
1 0.596875 0.3734375 0.125 0.2125
1 0.7796875 0.4078125 0.01875 0.0859375
1 0.8703125 0.4 0.0109375 0.0546875
1 0.9390625 0.3734375 0.040625 0.2125
1 0.034375 0.63125 0.025 0.184375
1 0.096875 0.6265625 0.034375 0.1921875
1 0.1640625 0.6265625 0.0421875 0.1953125
1 0.2359375 0.628125 0.040625 0.1953125
1 0.3109375 0.621875 0.0359375 0.2078125
1 0.3921875 0.6203125 0.040625 0.209375
1 0.4859375 0.6625 0.140625 0.11875
1 0.5828125 0.6640625 0.0515625 0.1390625
1 0.7640625 0.646875 0.03125 0.1640625
1 0.9203125 0.6390625 0.0296875 0.1671875
1 0.9765625 0.6359375 0.0296875 0.1703125
1 0.6703125 0.6234375 0.11875 0.2203125